33.662819 46.105895 49.514984 20.000000 20.000000
52.987796 46.710476 44.379524 40.000000 20.000000
72.359295 49.021330 40.072515 60.000000 20.000000
91.553638 53.216446 36.550302 80.000000 20.000000
110.219058 59.804512 33.872105 100.000000 20.000000
127.646213 69.407221 31.991743 120.000000 20.000000
142.987498 82.066849 30.595958 140.000000 20.000000
156.228598 96.960025 29.361925 160.000000 20.000000
169.253609 112.088883 28.150826 180.000000 20.000000
29.119793 57.048633 33.412326 20.000000 40.000000
48.177306 56.233644 27.452383 40.000000 40.000000
67.508401 56.958026 22.378777 60.000000 40.000000
86.878704 59.444488 18.151189 80.000000 40.000000
106.011664 64.064798 14.796051 100.000000 40.000000
124.393098 71.503664 12.371813 120.000000 40.000000
141.197091 82.154712 10.690473 140.000000 40.000000
155.443533 96.043436 9.403090 160.000000 40.000000
168.466312 111.168591 8.187530 180.000000 40.000000
24.857931 68.930461 17.918862 20.000000 60.000000
43.591898 67.021604 11.251594 40.000000 60.000000
62.691792 66.361393 5.389781 60.000000 60.000000
82.027040 67.210541 0.376617 80.000000 60.000000
101.396669 69.880449 -3.763308 100.000000 60.000000
120.420793 75.121535 -6.886421 120.000000 60.000000
138.420355 83.495130 -9.062915 140.000000 60.000000
154.343456 95.422303 -10.546163 160.000000 60.000000
167.679014 110.248300 -11.775767 180.000000 60.000000
20.826586 81.500896 2.881563 20.000000 80.000000
39.634210 79.655880 3.463245 40.000000 80.000000
59.370514 80.919456 6.169277 60.000000 80.000000
79.100827 84.005639 5.766114 80.000000 80.000000
98.378664 88.261141 2.587928 100.000000 80.000000
116.858376 93.244650 -3.181054 120.000000 80.000000
134.463795 98.566037 -10.997488 140.000000 80.000000
151.150197 104.009614 -20.575826 160.000000 80.000000
166.884356 109.382563 -31.677591 180.000000 80.000000
17.385158 95.363462 11.096795 20.000000 100.000000
36.989416 95.881752 14.838217 40.000000 100.000000
56.775630 98.468343 15.381814 60.000000 100.000000
76.296274 102.341362 13.273046 80.000000 100.000000
95.075085 107.148323 8.310045 100.000000 100.000000
112.953632 112.384312 1.096532 120.000000 100.000000
129.943787 117.814381 -7.940753 140.000000 100.000000
146.027394 123.251162 -18.547908 160.000000 100.000000
161.406075 128.573226 -30.181596 180.000000 100.000000
14.618464 111.017379 23.230115 20.000000 120.000000
34.413420 113.105201 24.637961 40.000000 120.000000
54.064535 116.563128 23.462891 60.000000 120.000000
73.181530 121.092742 19.540971 80.000000 120.000000
91.360552 126.225604 13.012198 100.000000 120.000000
108.629986 131.610064 4.525280 120.000000 120.000000
125.034888 137.082790 -5.588531 140.000000 120.000000
140.608729 142.469216 -16.976603 160.000000 120.000000
155.936827 147.752735 -28.687018 180.000000 120.000000
12.038091 127.878937 33.636507 20.000000 140.000000
31.773149 130.920219 33.318120 40.000000 140.000000
51.174980 135.102999 30.474350 60.000000 140.000000
69.679795 140.096130 24.731674 80.000000 140.000000
87.222427 145.408919 16.826006 100.000000 140.000000
103.918428 150.885872 7.205036 120.000000 140.000000
119.804140 156.342940 -3.781781 140.000000 140.000000
135.139480 161.648725 -15.482024 160.000000 140.000000
150.467579 166.932244 -27.192440 180.000000 140.000000
9.431764 145.430266 42.827283 20.000000 160.000000
29.026172 149.179613 41.053120 40.000000 160.000000
47.903451 154.000115 36.233985 60.000000 160.000000
65.730373 159.221981 28.959652 80.000000 160.000000
82.693642 164.673332 19.838061 100.000000 160.000000
98.860939 170.144104 9.306899 120.000000 160.000000
114.342134 175.544714 -2.277031 140.000000 160.000000
129.670232 180.828233 -13.987446 160.000000 160.000000
144.998330 186.111753 -25.697861 180.000000 160.000000
6.742656 163.444084 51.085298 20.000000 180.000000
25.996344 167.938525 47.452098 40.000000 180.000000
44.167176 173.073876 40.905291 60.000000 180.000000
61.375828 178.458196 32.315514 80.000000 180.000000
77.838234 183.982994 22.211589 100.000000 180.000000
93.536410 189.413889 10.925998 120.000000 180.000000
108.872885 194.724223 -0.782453 140.000000 180.000000
124.200984 200.007742 -12.492868 160.000000 180.000000
139.529082 205.291262 -24.203283 180.000000 180.000000
